0 60
240 800
8240 90
240 60
8240 90
240 100
8240 90
240 100
fffe 2000
100 15
8440 45
440 80
0 130
8240 50
240 10
fffe 4000
140 250
140 400
8140 90
140 140
8140 90
140 140
8140 90
140 140
8140 90
140 140
8140 90
140 140
200 44
0 10
400 1
0 600
0 120
240 220
8240 90
240 120
8240 90
240 120
8240 43
0 90
140 280
400 1
0 6
400 1
0 12
100 300
0 6
800 1
0 15
140 150
400 1
40 90
140 280
400 1
0 6
400 1
0 12
100 160
0 6
800 1
0 15
140 200
8140 90
140 200
8140 90
140 200
8140 65
0 8
8440 80
440 60
0 1
8440 80
440 60
0 1
8440 80
440 60
100 6
0 10
8000 5
8440 90
440 130
0 1
200 45
240 150
240 30
400 1
0 6
400 1
0 12
200 120
0 80
800 1
0 15
240 30
400 1
0 12
200 160
0 100
240 60
8240 10
0 80
140 250
0 100
8140 30
8240 28
0 50
400 1
0 6
400 1
0 12
100 80
0 8
800 1
0 15
8000 14
8240 35
0 50
8240 65
0 40
8140 20
0 45
8200 20
8100 35
0 50
840 35
8840 30
8400 1
8000 5
8400 1
8000 12
8200 45
0 60
800 1
0 15
240 220
0 50
240 240
0 15
8200 48
0 70
800 1
0 800
100 5
0 10
800 1
0 1100
100 12
0 10
800 1
0 1200
240 220
0 100
8140 50
840 90
240 50
8240 90
240 180
8240 90
240 180
8240 90
240 180
8240 90
240 180
8240 90
240 180
8240 90
240 180
240 180
8000 0
8100 36
8000 54
0 40
8000 12
8200 24
8000 54
0 40
8000 0
8100 24
8000 66
0 40
8100 12
8200 24
8000 54
0 40
8000 12
8200 12
8000 66
0 40
8000 12
8100 24
8000 54
0 40
8100 12
8200 24
8000 54
0 40
8000 0
8200 24
8000 66
0 40
8000 12
8100 36
8000 42
0 40
8100 12
8200 24
8000 54
0 40
8000 0
8200 24
8000 66
0 40
8000 12
8100 36
8000 42
0 40
8100 12
8200 24
8000 54
0 40
8000 0
8200 24
8000 66
0 40
8000 12
8100 36
8000 42
0 40
8100 12
8200 24
8000 54
0 40
8000 0
8200 24
8000 66
0 40
100 8
8100 72
8000 18
0 40
8000 12
8200 24
8000 54
0 40
8100 12
8200 36
8000 42
0 40
8000 0
8200 48
8000 42
0 40
8000 12
8100 36
8000 42
0 40
8100 12
8200 24
8000 54
0 40
8000 0
8200 24
8000 66
0 40
8000 0
8100 36
8000 54
0 40
8000 0
8100 36
8000 54
0 40
8000 0
8100 24
8000 66
0 40
8000 12
8100 12
8000 66
0 40
200 12
8200 35
0 25
8840 90
0 180
8840 90
0 180
8000 0
8100 12
8000 78
0 40
8000 12
8200 24
8000 54
0 40
8000 12
8200 24
8000 54
0 40
8100 24
8100 48
8000 18
0 40
8000 0
8200 36
8000 54
0 40
8000 12
8100 48
8000 30
0 40
8000 0
8200 36
8000 54
0 40
8000 0
8200 48
8000 42
0 40
8100 36
8100 48
8000 6
0 40
8200 90
0 40
8000 0
8100 24
8000 66
0 40
8000 24
8200 48
8000 18
0 40
8000 0
8100 48
8000 42
0 40
100 12
8100 24
8100 48
8000 18
0 40
140 240
8140 80
140 80
0 200
200 40
200 40
200 40
200 40
200 40
200 40
100 70
100 20
100 10
400 20
0 5
400 20
0 5
100 20
100 20
0 20
0 20
0 20
0 20
0 20
0 20
100 40
100 40
0 40
200 30
200 30
0 40
0 40
800 6
0 20
140 60
140 60
140 60
140 60
140 60
140 40
140 40
140 40
140 40
140 40
140 40
2000 2
8100 30
0 20
100 20
40 3
0 20
40 3
0 20
40 3
0 20
40 3
0 20
40 3
0 20
0 30
100 30
100 30
100 30
100 60
100 30
0 30
940 3
0 30
8100 24
100 20
0 30
0 300
fff6 120
fff6 120
fff6 120
fff6 120
fff6 120
fff6 120
fff6 120
fff6 120
fff6 120
fff6 120
fff6 120
fff6 120
fff6 120
fff6 120
fff6 120
fff6 120
0 400
fff7 0
fffd 0
